Time: 0.203125
Rotation Matrix:
   -0.275151   0.873464   0.401687
   0.401687   -0.275151   0.873464
   0.873464   0.401687   -0.275151
Translation Vector:
   32.1494
   -35.3104
   42.7386
Error: 14.954
46.8572 72.8106 57.273 8204959
54.3544 71.4181 55.6595 8204959
53.0419 72.077 55.9645 8204959
52.7876 71.0698 57.0466 8204959
47.5373 73.7057 58.266 8204959
54.7393 77.0009 52.629 8204959
48.726 76.6153 57.0948 8204959
48.4718 75.6081 58.177 8204959
47.1592 76.2671 58.4817 8204959
48.2174 74.601 59.259 8204959
56.4366 81.9246 49.2936 8204959
55.4193 77.896 53.622 8204959
55.165 76.8888 54.7041 8204959
57.4119 78.1322 54.3102 8204959
56.0994 78.7912 54.6151 8204959
56.106 86.9354 51.8002 8204959
52.4037 79.0028 45.6263 15219528
54.142 78.2318 47.3966 30894
49.9501 79.2017 49.3933 30894
48.6374 79.8606 49.6982 30894
52.3208 76.8766 49.8657 30894
52.197 80.445 48.9993 30894
51.9427 79.4379 50.0814 30894
50.6301 80.0968 50.3864 30894
49.3175 80.7558 50.6912 30894
51.6884 78.4307 51.1636 30894
50.3758 79.0897 51.4685 30894
51.434 77.4235 52.2457 30894
50.1215 78.0826 52.5506 30894
51.1797 76.4164 53.3278 30894
45.9705 73.3576 59.653 15219528
52.8771 81.3402 49.9925 30894
51.3102 80.992 51.3794 15219528
49.9976 81.6511 51.6842 15219528
48.6851 82.3101 51.9891 30894
51.0559 79.9849 52.4615 15219528
50.8016 78.9778 53.5436 30894
49.4891 79.6368 53.8485 30894
51.8598 77.3116 54.3209 30894
50.5472 77.9706 54.6257 30894
49.2347 78.6297 54.9306 30894
52.9181 75.6455 55.0981 30894
51.6055 76.3045 55.403 30894
50.293 76.9635 55.7078 30894
48.9804 77.6224 56.0127 30894
52.6637 74.6383 56.1802 30894
51.3512 75.2973 56.4851 30894
50.0387 75.9563 56.7899 30894
52.4095 73.6312 57.2623 30894
51.0968 74.2902 57.5672 30894
46.6506 74.2528 60.646 15219528
53.8115 83.2426 49.9033 30894
53.5572 82.2354 50.9854 15219528
53.3028 81.2283 52.0675 15219528
53.0486 80.2211 53.1497 15219528
51.7359 80.8802 53.4545 15219528
49.1109 82.198 54.0642 15219528
51.4817 79.873 54.5367 15219528
48.8565 81.1909 55.1463 15219528
46.5267 77.8213 59.7797 30894
47.585 76.1552 60.5569 30894
47.3306 75.148 61.639 30894
56.0584 84.4859 49.5094 30894
55.8041 83.4788 50.5915 30894
54.4915 84.1378 50.8964 30894
56.8623 81.8127 51.3687 15219528
59.2331 79.4876 51.8411 15219528
58.9789 78.4804 52.9232 15219528
49.791 83.0933 55.0573 15219528
52.1617 80.7681 55.5297 15219528
48.5193 78.0575 60.4678 30894
47.2068 78.7165 60.7727 30894
48.265 77.0503 61.55 30894
56.4842 84.374 51.5845 15219528
59.9132 80.3828 52.8341 15219528
58.6007 81.0417 53.139 15219528
57.2881 81.7007 53.4439 15219528
59.659 79.3756 53.9162 30894
58.3464 80.0346 54.2212 30894
59.4046 78.3684 54.9983 30894
58.092 79.0275 55.3033 30894
49.1994 78.9527 61.4608 15219528
55.8517 85.9282 52.8824 30894
59.0265 80.9298 55.2142 15219528
52.8294 78.8909 47.7015 0
52.5751 77.8837 48.7836 0
55.5498 82.4716 51.6736 0
56.608 80.8055 52.4509 0
55.2954 81.4645 52.7557 0
55.0412 80.4574 53.8378 0
53.7286 81.1164 54.1427 0
54.7869 79.4502 54.9199 0
53.4743 80.1092 55.2248 0
57.0338 80.6936 54.526 0
56.7795 79.6864 55.6081 0
57.7139 81.5888 55.5189 0
55.7089 78.5801 46.0097 4646984
54.3964 79.239 46.3145 4646984
54.8221 79.1271 48.3897 4646984
53.5096 79.7861 48.6945 4646984
49.1042 74.054 56.879 4646984
48.85 73.0468 57.9611 4646984
46.2248 74.3648 58.5709 4646984
57.069 80.3704 47.9958 4646984
55.5022 80.0223 49.3827 4646984
54.1897 80.6813 49.6875 4646984
49.7843 74.9491 57.872 4646984
55.124 82.5837 49.5985 4646984
54.8697 81.5764 50.6806 4646984
48.0526 83.8642 53.287 4646984
47.7983 82.8571 54.3691 4646984
52.0313 76.1926 57.4781 4646984
50.7187 76.8515 57.783 4646984
53.0895 74.5264 58.2554 4646984
51.7769 75.1853 58.5602 4646984
50.4644 75.8444 58.8651 4646984
49.1519 76.5033 59.1699 4646984
52.8352 73.5193 59.3375 4646984
51.5226 74.1782 59.6423 4646984
50.2101 74.8372 59.9472 4646984
48.8975 75.4962 60.252 4646984
51.2683 73.1711 60.7244 4646984
49.9557 73.8301 61.0293 4646984
50.8492 81.4271 55.8345 4646984
49.5366 82.0862 56.1394 4646984
54.5325 78.4431 56.002 4646984
52.9656 78.0949 57.3891 4646984
51.6531 78.7538 57.6939 4646984
51.3987 77.7467 58.776 4646984
49.832 77.3985 60.1629 4646984
49.3233 75.3842 62.3272 4646984
56.5252 78.6793 56.6902 4646984
53.9001 79.9972 57.3 4646984
52.5875 80.6562 57.6047 4646984
54.9583 78.3311 58.0772 4646984
53.6457 78.9901 58.382 4646984
52.3332 79.6491 58.6869 4646984
51.0207 80.3081 58.9918 4646984
50.7663 79.3009 60.0739 4646984
50.512 78.2937 61.156 4646984
51.7007 81.2032 59.9848 4646984
51.4464 80.1961 61.0669 4646984
53.4619 77.3367 46.4036 16741671
56.1347 78.468 48.0848 16741671
54.5678 78.1199 49.4718 16741671
54.3134 77.1128 50.5539 16741671
53.0009 77.7718 50.8587 16741671
49.0632 79.7487 51.7733 16741671
52.7467 76.7646 51.9409 16741671
52.4923 75.7574 53.023 16741671
51.475 71.7288 57.3514 16741671
56.8148 79.3633 49.0779 16741671
55.2479 79.0151 50.4648 16741671
54.9935 78.008 51.5469 16741671
49.7433 80.6439 52.7664 16741671
48.4308 81.3028 53.0712 16741671
53.4267 77.6597 52.9339 16741671
54.4849 75.9937 53.7111 16741671
53.1724 76.6526 54.016 16741671
55.2889 73.3204 55.5705 16741671
53.9763 73.9793 55.8754 16741671
56.3471 71.6543 56.3477 16741671
55.0345 72.3132 56.6526 16741671
54.7802 71.3061 57.7348 16741671
46.9049 75.26 59.5639 16741671
45.5924 75.9189 59.8687 16741671
57.7491 81.2656 48.9887 16741671
58.8074 79.5995 49.766 16741671
57.4949 80.2585 50.0709 16741671
56.1823 80.9175 50.3757 16741671
55.928 79.9103 51.4578 16741671
55.6736 78.9032 52.5399 16741671
50.1691 80.5319 54.8415 16741671
49.9148 79.5248 55.9236 16741671
54.9107 75.8817 55.7862 16741671
49.6605 78.5176 57.0057 16741671
54.6563 74.8746 56.8683 16741671
53.3438 75.5336 57.1732 16741671
49.4061 77.5105 58.0878 16741671
57.0272 72.5494 57.3408 16741671
55.7146 73.2084 57.6456 16741671
54.4021 73.8674 57.9505 16741671
47.8393 77.1623 59.4747 16741671
55.4603 72.2013 58.7278 16741671
54.1478 72.8602 59.0326 16741671
53.8934 71.8531 60.1147 16741671
48.6432 74.489 61.3342 16741671
47.0763 74.1408 62.7211 16741671
57.1167 82.8199 50.2866 16741671
58.175 81.1537 51.0639 16741671
57.9206 80.1466 52.1459 16741671
57.6663 79.1394 53.2281 16741671
48.2241 82.7451 56.4442 16741671
57.1577 77.125 55.3923 16741671
55.8451 77.7841 55.6972 16741671
50.5949 80.42 56.9166 16741671
54.2783 77.4359 57.0841 16741671
50.3406 79.4128 57.9987 16741671
54.0239 76.4288 58.1662 16741671
50.0862 78.4057 59.0808 16741671
56.7385 85.3812 50.5025 16741671
55.4259 86.0402 50.8072 16741671
60.1676 81.3899 51.752 16741671
57.8378 78.0203 56.3854 16741671
49.4538 79.9598 60.3787 16741671
57.4186 86.2764 51.4954 16741671
60.5933 81.278 53.8272 16741671
58.7721 79.9227 56.2962 16741671
50.1339 80.855 61.3717 16741671
53.2552 78.7789 49.7766 7566712
47.283 72.6986 59.3481 7566712
53.9353 79.6741 50.7696 7566712
52.6227 80.3331 51.0745 7566712
53.681 78.6669 51.8517 7566712
52.3685 79.3259 52.1567 7566712
52.1141 78.3188 53.2388 7566712
53.722 72.9722 56.9575 7566712
53.4677 71.965 58.0396 7566712
52.1551 72.624 58.3444 7566712
50.8426 73.2831 58.6493 7566712
49.53 73.942 58.9542 7566712
51.9008 71.6169 59.4265 7566712
50.5882 72.2758 59.7314 7566712
49.2757 72.9348 60.0363 7566712
47.9631 73.5938 60.3412 7566712
54.6153 80.5693 51.7627 7566712
54.3611 79.5621 52.8448 7566712
54.1068 78.555 53.9269 7566712
52.7942 79.214 54.2317 7566712
53.8524 77.5479 55.009 7566712
52.5399 78.2068 55.3139 7566712
51.2273 78.8659 55.6187 7566712
53.5982 76.5407 56.0912 7566712
52.2856 77.1997 56.396 7566712
50.973 77.8586 56.7009 7566712
56.3537 79.7984 53.533 7566712
53.22 79.1021 56.3069 7566712
51.9074 79.761 56.6118 7566712
